# unix_time, cycles_done, cur_path, paths_total, pending_total, pending_favs, map_size, unique_crashes, unique_hangs, max_depth, execs_per_sec
1767683472, 0, 0, 1, 1, 1, 0.00%, 0, 0, 1, 2000.00
1767683477, 0, 0, 7, 7, 1, 0.04%, 0, 0, 2, 4490.19
1767683483, 0, 8, 10, 3, 2, 0.05%, 0, 0, 3, 4441.86
1767683488, 4, 1, 10, 0, 0, 0.05%, 0, 0, 3, 4946.32
1767683493, 7, 6, 10, 0, 0, 0.05%, 0, 0, 3, 5090.57
1767683498, 8, 10, 12, 2, 1, 0.05%, 0, 0, 5, 4502.66
1767683503, 8, 11, 12, 1, 1, 0.05%, 0, 0, 5, 4438.23
1767683508, 9, 10, 12, 0, 0, 0.05%, 0, 0, 5, 4268.30
1767683513, 11, 6, 12, 0, 0, 0.05%, 0, 0, 5, 4224.84
1767683519, 13, 8, 12, 0, 0, 0.05%, 0, 0, 5, 4330.31
1767683524, 15, 10, 12, 0, 0, 0.05%, 0, 0, 5, 4726.36
1767683529, 18, 6, 12, 0, 0, 0.05%, 0, 0, 5, 4778.25
1767683534, 20, 10, 12, 0, 0, 0.05%, 0, 0, 5, 4632.25
1767683539, 22, 10, 12, 0, 0, 0.05%, 0, 0, 5, 3967.80
1767683544, 24, 9, 12, 0, 0, 0.05%, 0, 0, 5, 3833.46
1767683550, 26, 8, 12, 0, 0, 0.05%, 0, 0, 5, 3758.90
1767683555, 28, 7, 12, 0, 0, 0.05%, 0, 0, 5, 3752.64
1767683560, 30, 6, 12, 0, 0, 0.05%, 0, 0, 5, 3812.48
1767683565, 32, 8, 12, 0, 0, 0.05%, 0, 0, 5, 4371.72
1767683570, 34, 11, 12, 0, 0, 0.05%, 0, 0, 5, 4747.11
1767683575, 37, 8, 12, 0, 0, 0.05%, 0, 0, 5, 4941.19
1767683580, 39, 11, 12, 0, 0, 0.05%, 0, 0, 5, 4555.19
1767683586, 41, 11, 12, 0, 0, 0.05%, 0, 0, 5, 4150.18
1767683591, 44, 4, 12, 0, 0, 0.05%, 0, 0, 5, 4486.91
1767683596, 46, 9, 12, 0, 0, 0.05%, 0, 0, 5, 4740.18
1767683601, 49, 3, 12, 0, 0, 0.05%, 0, 0, 5, 4879.20
1767683606, 51, 9, 12, 0, 0, 0.05%, 0, 0, 5, 4931.14
1767683611, 54, 4, 12, 0, 0, 0.05%, 0, 0, 5, 4917.88
1767683617, 56, 9, 12, 0, 0, 0.05%, 0, 0, 5, 4765.19
1767683622, 59, 2, 12, 0, 0, 0.05%, 0, 0, 5, 4800.35
1767683627, 61, 6, 12, 0, 0, 0.05%, 0, 0, 5, 4436.54
1767683632, 63, 9, 12, 0, 0, 0.05%, 0, 0, 5, 4881.26
1767683637, 65, 10, 12, 0, 0, 0.05%, 0, 0, 5, 4412.27
1767683642, 67, 11, 12, 0, 0, 0.05%, 0, 0, 5, 4159.02
1767683648, 70, 6, 12, 0, 0, 0.05%, 0, 0, 5, 4720.40
1767683653, 72, 10, 12, 0, 0, 0.05%, 0, 0, 5, 4942.67
1767683658, 75, 6, 12, 0, 0, 0.05%, 0, 0, 5, 4990.71
1767683663, 77, 10, 12, 0, 0, 0.05%, 0, 0, 5, 4995.28
1767683668, 80, 6, 12, 0, 0, 0.05%, 0, 0, 5, 4997.06
